

Number of relevant docs for query q1: 70



Number of relevant docs for query q2: 113



Number of relevant docs for query q3: 36



Displaying precision and recall values for different queries:

Query q1:
   Precision =>  1 1 1 1 1 1 1 1 1 1 1 1 1 1 1 1 1 1 1 1 1 1 1 1 1 1 1 1 1 1 1
   Recall => 0.0142857142857143 0.0285714285714286 0.0428571428571429 0.0571428571428571 0.0714285714285714 0.0857142857142857 0.1 0.114285714285714 0.128571428571429 0.142857142857143 0.157142857142857 0.171428571428571 0.185714285714286 0.2 0.214285714285714 0.228571428571429 0.242857142857143 0.257142857142857 0.271428571428571 0.285714285714286 0.3 0.314285714285714 0.328571428571429 0.342857142857143 0.357142857142857 0.371428571428571 0.385714285714286 0.4 0.414285714285714 0.428571428571429 0.442857142857143
Query q2:
   Precision =>  1 1 1 1 1 1 1 1 1 1 1 1 1 1 1 1 1 1 1 1 1 1 1 1 1 1 0.962962962962963 0.964285714285714 0.96551724137931 0.966666666666667 0.967741935483871
   Recall => 0.00884955752212389 0.0176991150442478 0.0265486725663717 0.0353982300884956 0.0442477876106195 0.0530973451327434 0.0619469026548673 0.0707964601769911 0.079646017699115 0.0884955752212389 0.0973451327433628 0.106194690265487 0.115044247787611 0.123893805309735 0.132743362831858 0.141592920353982 0.150442477876106 0.15929203539823 0.168141592920354 0.176991150442478 0.185840707964602 0.194690265486726 0.20353982300885 0.212389380530973 0.221238938053097 0.230088495575221 0.230088495575221 0.238938053097345 0.247787610619469 0.256637168141593 0.265486725663717
Query q3:
   Precision =>  1 1 1 1 1 1 1 1 1 1 1 1 1 1 1 1 1 1 1 1 1 1 1 0.958333333333333 0.92 0.884615384615385 0.851851851851852 0.821428571428571 0.793103448275862 0.766666666666667 0.774193548387097
   Recall => 0.0277777777777778 0.0555555555555556 0.0833333333333333 0.111111111111111 0.138888888888889 0.166666666666667 0.194444444444444 0.222222222222222 0.25 0.277777777777778 0.305555555555556 0.333333333333333 0.361111111111111 0.388888888888889 0.416666666666667 0.444444444444444 0.472222222222222 0.5 0.527777777777778 0.555555555555556 0.583333333333333 0.611111111111111 0.638888888888889 0.638888888888889 0.638888888888889 0.638888888888889 0.638888888888889 0.638888888888889 0.638888888888889 0.638888888888889 0.666666666666667




Displaying map values for different queries:

Query q1  =>   0.214285714285714
Query q2  =>   0.127707177307766
Query q3  =>   0.316255973715651


